                            OLS Regression Results                            
==============================================================================
Dep. Variable:             R_logerror   R-squared:                       0.010
Model:                            OLS   Adj. R-squared:                  0.006
Method:                 Least Squares   F-statistic:                     2.435
Date:                Tue, 03 Jul 2018   Prob (F-statistic):           5.38e-48
Time:                        02:20:22   Log-Likelihood:                 37207.
No. Observations:               90275   AIC:                        -7.364e+04
Df Residuals:                   89886   BIC:                        -6.998e+04
Df Model:                         388                                         
Covariance Type:            nonrobust                                         
==============================================================================================
                                 coef    std err          t      P>|t|      [0.025      0.975]
----------------------------------------------------------------------------------------------
C(C_regionidzip)[95982.0]     -0.0645      0.013     -5.016      0.000      -0.090      -0.039
C(C_regionidzip)[95983.0]      0.0420      0.011      3.900      0.000       0.021       0.063
C(C_regionidzip)[95984.0]     -0.0454      0.010     -4.544      0.000      -0.065      -0.026
C(C_regionidzip)[95985.0]     -0.0246      0.012     -2.134      0.033      -0.047      -0.002
C(C_regionidzip)[95986.0]      0.0101      0.015      0.666      0.506      -0.020       0.040
C(C_regionidzip)[95987.0]     -0.0035      0.014     -0.245      0.807      -0.032       0.025
C(C_regionidzip)[95988.0]     -0.0419      0.025     -1.671      0.095      -0.091       0.007
C(C_regionidzip)[95989.0]      0.0032      0.013      0.245      0.807      -0.023       0.029
C(C_regionidzip)[95991.0]      0.0053      0.038      0.140      0.889      -0.069       0.079
C(C_regionidzip)[95992.0]     -0.0155      0.012     -1.333      0.183      -0.038       0.007
C(C_regionidzip)[95993.0]     -0.0189      0.017     -1.115      0.265      -0.052       0.014
C(C_regionidzip)[95994.0]      0.0120      0.023      0.513      0.608      -0.034       0.058
C(C_regionidzip)[95995.0]      0.0119      0.046      0.257      0.797      -0.079       0.103
C(C_regionidzip)[95996.0]      0.0272      0.016      1.735      0.083      -0.004       0.058
C(C_regionidzip)[95997.0]      0.0076      0.011      0.714      0.475      -0.013       0.029
C(C_regionidzip)[95998.0]      0.0072      0.035      0.205      0.837      -0.061       0.076
C(C_regionidzip)[95999.0]     -0.0035      0.012     -0.304      0.761      -0.026       0.019
C(C_regionidzip)[96000.0]      0.0296      0.010      3.040      0.002       0.011       0.049
C(C_regionidzip)[96001.0]      0.0060      0.015      0.388      0.698      -0.024       0.036
C(C_regionidzip)[96002.0]     -0.0812      0.080     -1.011      0.312      -0.239       0.076
C(C_regionidzip)[96003.0]     -0.0019      0.015     -0.128      0.898      -0.031       0.027
C(C_regionidzip)[96004.0]      0.0350      0.018      1.902      0.057      -0.001       0.071
C(C_regionidzip)[96005.0]      0.0492      0.009      5.669      0.000       0.032       0.066
C(C_regionidzip)[96006.0]      0.0124      0.009      1.386      0.166      -0.005       0.030
C(C_regionidzip)[96007.0]      0.0090      0.010      0.885      0.376      -0.011       0.029
C(C_regionidzip)[96008.0]      0.0176      0.011      1.564      0.118      -0.004       0.040
C(C_regionidzip)[96009.0]     -0.0140      0.022     -0.633      0.527      -0.057       0.029
C(C_regionidzip)[96010.0]      0.0258      0.024      1.054      0.292      -0.022       0.074
C(C_regionidzip)[96012.0]      0.0100      0.016      0.613      0.540      -0.022       0.042
C(C_regionidzip)[96013.0]      0.0248      0.011      2.225      0.026       0.003       0.047
C(C_regionidzip)[96014.0]      0.0366      0.021      1.768      0.077      -0.004       0.077
C(C_regionidzip)[96015.0]     -0.0004      0.011     -0.033      0.974      -0.023       0.022
C(C_regionidzip)[96016.0]      0.0132      0.012      1.123      0.261      -0.010       0.036
C(C_regionidzip)[96017.0]      0.0260      0.014      1.816      0.069      -0.002       0.054
C(C_regionidzip)[96018.0]     -0.0077      0.013     -0.581      0.561      -0.034       0.018
C(C_regionidzip)[96019.0]      0.0743      0.019      3.980      0.000       0.038       0.111
C(C_regionidzip)[96020.0]     -0.0182      0.012     -1.555      0.120      -0.041       0.005
C(C_regionidzip)[96021.0]      0.0184      0.030      0.617      0.537      -0.040       0.077
C(C_regionidzip)[96022.0]     -0.0110      0.013     -0.850      0.395      -0.036       0.014
C(C_regionidzip)[96023.0]      0.0126      0.008      1.492      0.136      -0.004       0.029
C(C_regionidzip)[96024.0]      0.0279      0.010      2.726      0.006       0.008       0.048
C(C_regionidzip)[96025.0]     -0.0309      0.009     -3.264      0.001      -0.050      -0.012
C(C_regionidzip)[96026.0]     -0.0006      0.010     -0.062      0.950      -0.019       0.018
C(C_regionidzip)[96027.0]      0.0160      0.008      1.901      0.057      -0.000       0.032
C(C_regionidzip)[96028.0]     -0.0052      0.009     -0.550      0.583      -0.024       0.013
C(C_regionidzip)[96029.0]      0.0151      0.011      1.330      0.184      -0.007       0.037
C(C_regionidzip)[96030.0]      0.0133      0.008      1.729      0.084      -0.002       0.028
C(C_regionidzip)[96034.0]      0.0573      0.161      0.357      0.721      -0.257       0.372
C(C_regionidzip)[96037.0]      0.0168      0.022      0.764      0.445      -0.026       0.060
C(C_regionidzip)[96038.0]      0.0299      0.026      1.133      0.257      -0.022       0.082
C(C_regionidzip)[96039.0]      0.0786      0.093      0.848      0.396      -0.103       0.260
C(C_regionidzip)[96040.0]      0.0223      0.012      1.904      0.057      -0.001       0.045
C(C_regionidzip)[96042.0]     -0.0696      0.017     -4.063      0.000      -0.103      -0.036
C(C_regionidzip)[96043.0]      0.0007      0.013      0.050      0.960      -0.025       0.027
C(C_regionidzip)[96044.0]      0.0272      0.013      2.134      0.033       0.002       0.052
C(C_regionidzip)[96045.0]     -0.0137      0.011     -1.223      0.221      -0.036       0.008
C(C_regionidzip)[96046.0]      0.0308      0.010      3.017      0.003       0.011       0.051
C(C_regionidzip)[96047.0]     -0.0127      0.009     -1.405      0.160      -0.030       0.005
C(C_regionidzip)[96048.0]     -0.0267      0.018     -1.506      0.132      -0.061       0.008
C(C_regionidzip)[96049.0]      0.0142      0.010      1.458      0.145      -0.005       0.033
C(C_regionidzip)[96050.0]     -0.0230      0.008     -2.906      0.004      -0.039      -0.008
C(C_regionidzip)[96058.0]      0.0233      0.015      1.521      0.128      -0.007       0.053
C(C_regionidzip)[96072.0]      0.0189      0.017      1.113      0.266      -0.014       0.052
C(C_regionidzip)[96083.0]     -0.0217      0.016     -1.357      0.175      -0.053       0.010
C(C_regionidzip)[96086.0]     -0.0267      0.010     -2.571      0.010      -0.047      -0.006
C(C_regionidzip)[96087.0]      0.0102      0.023      0.450      0.652      -0.034       0.055
C(C_regionidzip)[96088.0]      0.0368      0.020      1.875      0.061      -0.002       0.075
C(C_regionidzip)[96090.0]      0.0167      0.010      1.635      0.102      -0.003       0.037
C(C_regionidzip)[96091.0]      0.0059      0.012      0.501      0.616      -0.017       0.029
C(C_regionidzip)[96092.0]      0.0168      0.013      1.278      0.201      -0.009       0.043
C(C_regionidzip)[96095.0]      0.0045      0.009      0.494      0.621      -0.013       0.022
C(C_regionidzip)[96097.0]     -0.0034      0.018     -0.193      0.847      -0.038       0.031
C(C_regionidzip)[96100.0]     -0.0135      0.014     -0.982      0.326      -0.040       0.013
C(C_regionidzip)[96101.0]      0.0085      0.012      0.698      0.485      -0.015       0.032
C(C_regionidzip)[96102.0]      0.0016      0.012      0.130      0.897      -0.022       0.025
C(C_regionidzip)[96103.0]     -0.0040      0.014     -0.297      0.766      -0.031       0.023
C(C_regionidzip)[96104.0]      0.0067      0.012      0.558      0.577      -0.017       0.030
C(C_regionidzip)[96105.0]     -0.0224      0.023     -0.988      0.323      -0.067       0.022
C(C_regionidzip)[96106.0]     -0.0193      0.015     -1.280      0.200      -0.049       0.010
C(C_regionidzip)[96107.0]      0.0121      0.009      1.412      0.158      -0.005       0.029
C(C_regionidzip)[96109.0]     -0.0080      0.012     -0.679      0.497      -0.031       0.015
C(C_regionidzip)[96110.0]      0.0078      0.015      0.536      0.592      -0.021       0.036
C(C_regionidzip)[96111.0]      0.0124      0.014      0.866      0.387      -0.016       0.040
C(C_regionidzip)[96113.0]     -0.0105      0.014     -0.778      0.437      -0.037       0.016
C(C_regionidzip)[96116.0]      0.0267      0.010      2.645      0.008       0.007       0.046
C(C_regionidzip)[96117.0]     -0.0200      0.009     -2.345      0.019      -0.037      -0.003
C(C_regionidzip)[96119.0]     -0.0298      0.029     -1.017      0.309      -0.087       0.028
C(C_regionidzip)[96120.0]     -0.0002      0.009     -0.026      0.979      -0.018       0.018
C(C_regionidzip)[96121.0]      0.0192      0.009      2.061      0.039       0.001       0.037
C(C_regionidzip)[96122.0]      0.0251      0.008      3.253      0.001       0.010       0.040
C(C_regionidzip)[96123.0]      0.0330      0.008      3.978      0.000       0.017       0.049
C(C_regionidzip)[96124.0]      0.0036      0.008      0.445      0.656      -0.012       0.020
C(C_regionidzip)[96125.0]      0.0193      0.010      1.946      0.052      -0.000       0.039
C(C_regionidzip)[96126.0]      0.0531      0.019      2.824      0.005       0.016       0.090
C(C_regionidzip)[96127.0]     -0.0315      0.011     -2.849      0.004      -0.053      -0.010
C(C_regionidzip)[96128.0]      0.0101      0.010      0.971      0.332      -0.010       0.030
C(C_regionidzip)[96129.0]      0.0143      0.013      1.126      0.260      -0.011       0.039
C(C_regionidzip)[96133.0]     -0.0489      0.022     -2.196      0.028      -0.093      -0.005
C(C_regionidzip)[96134.0]      0.0352      0.015      2.354      0.019       0.006       0.065
C(C_regionidzip)[96135.0]      0.0337      0.027      1.242      0.214      -0.019       0.087
C(C_regionidzip)[96136.0]      0.0374      0.026      1.437      0.151      -0.014       0.088
C(C_regionidzip)[96137.0]     -0.0108      0.020     -0.541      0.588      -0.050       0.028
C(C_regionidzip)[96148.0]     -0.0410      0.048     -0.847      0.397      -0.136       0.054
C(C_regionidzip)[96149.0]     -0.0045      0.015     -0.292      0.770      -0.035       0.026
C(C_regionidzip)[96150.0]     -0.0183      0.014     -1.340      0.180      -0.045       0.008
C(C_regionidzip)[96151.0]      0.0503      0.015      3.447      0.001       0.022       0.079
C(C_regionidzip)[96152.0]     -0.0108      0.013     -0.838      0.402      -0.036       0.014
C(C_regionidzip)[96159.0]      0.0073      0.010      0.718      0.473      -0.013       0.027
C(C_regionidzip)[96160.0]     -0.0213      0.014     -1.568      0.117      -0.048       0.005
C(C_regionidzip)[96161.0]      0.0176      0.010      1.768      0.077      -0.002       0.037
C(C_regionidzip)[96162.0]      0.0094      0.011      0.827      0.408      -0.013       0.032
C(C_regionidzip)[96163.0]      0.0062      0.010      0.638      0.524      -0.013       0.025
C(C_regionidzip)[96169.0]     -0.0056      0.010     -0.529      0.597      -0.026       0.015
C(C_regionidzip)[96170.0]     -0.0034      0.015     -0.228      0.820      -0.033       0.026
C(C_regionidzip)[96171.0]      0.0119      0.012      0.994      0.320      -0.012       0.035
C(C_regionidzip)[96172.0]      0.0213      0.010      2.029      0.042       0.001       0.042
C(C_regionidzip)[96173.0]      0.0020      0.011      0.184      0.854      -0.019       0.023
C(C_regionidzip)[96174.0]      0.0150      0.012      1.221      0.222      -0.009       0.039
C(C_regionidzip)[96180.0]      0.0002      0.010      0.017      0.986      -0.019       0.019
C(C_regionidzip)[96181.0]      0.0266      0.013      2.117      0.034       0.002       0.051
C(C_regionidzip)[96183.0]      0.0160      0.017      0.930      0.352      -0.018       0.050
C(C_regionidzip)[96185.0]      0.0105      0.008      1.277      0.201      -0.006       0.026
C(C_regionidzip)[96186.0]      0.0134      0.007      1.858      0.063      -0.001       0.028
C(C_regionidzip)[96190.0]      0.0059      0.008      0.727      0.467      -0.010       0.022
C(C_regionidzip)[96192.0]      0.0283      0.011      2.688      0.007       0.008       0.049
C(C_regionidzip)[96193.0]      0.0159      0.007      2.413      0.016       0.003       0.029
C(C_regionidzip)[96197.0]      0.0166      0.010      1.709      0.088      -0.002       0.036
C(C_regionidzip)[96201.0]      0.0352      0.017      2.070      0.038       0.002       0.069
C(C_regionidzip)[96203.0]      0.0223      0.012      1.820      0.069      -0.002       0.046
C(C_regionidzip)[96204.0]      0.0540      0.018      2.933      0.003       0.018       0.090
C(C_regionidzip)[96206.0]      0.0080      0.009      0.852      0.394      -0.010       0.026
C(C_regionidzip)[96207.0]      0.1950      0.028      6.868      0.000       0.139       0.251
C(C_regionidzip)[96208.0]      0.0173      0.009      1.824      0.068      -0.001       0.036
C(C_regionidzip)[96210.0]      0.0059      0.013      0.440      0.660      -0.020       0.032
C(C_regionidzip)[96212.0]      0.0015      0.010      0.148      0.883      -0.018       0.021
C(C_regionidzip)[96213.0]      0.0142      0.009      1.509      0.131      -0.004       0.033
C(C_regionidzip)[96215.0]      0.0096      0.016      0.601      0.548      -0.022       0.041
C(C_regionidzip)[96216.0]      0.0558      0.023      2.458      0.014       0.011       0.100
C(C_regionidzip)[96217.0]      0.0353      0.013      2.722      0.006       0.010       0.061
C(C_regionidzip)[96218.0]      0.0135      0.013      1.035      0.301      -0.012       0.039
C(C_regionidzip)[96220.0]      0.0084      0.013      0.664      0.507      -0.016       0.033
C(C_regionidzip)[96221.0]      0.0103      0.010      1.087      0.277      -0.008       0.029
C(C_regionidzip)[96222.0]      0.0162      0.010      1.648      0.099      -0.003       0.035
C(C_regionidzip)[96225.0]      0.0153      0.014      1.088      0.276      -0.012       0.043
C(C_regionidzip)[96226.0]     -0.2523      0.161     -1.571      0.116      -0.567       0.062
C(C_regionidzip)[96228.0]      0.0246      0.014      1.793      0.073      -0.002       0.051
C(C_regionidzip)[96229.0]      0.0085      0.010      0.841      0.400      -0.011       0.028
C(C_regionidzip)[96230.0]      0.0050      0.016      0.310      0.756      -0.027       0.037
C(C_regionidzip)[96234.0]      0.0299      0.013      2.244      0.025       0.004       0.056
C(C_regionidzip)[96236.0]      0.0061      0.008      0.805      0.421      -0.009       0.021
C(C_regionidzip)[96237.0]      0.0072      0.009      0.810      0.418      -0.010       0.025
C(C_regionidzip)[96238.0]     -0.0092      0.011     -0.852      0.394      -0.030       0.012
C(C_regionidzip)[96239.0]      0.0031      0.008      0.362      0.717      -0.013       0.020
C(C_regionidzip)[96240.0]      0.0240      0.013      1.845      0.065      -0.001       0.049
C(C_regionidzip)[96241.0]      0.0042      0.009      0.446      0.656      -0.014       0.023
C(C_regionidzip)[96242.0]      0.0086      0.008      1.062      0.288      -0.007       0.024
C(C_regionidzip)[96244.0]      0.0213      0.013      1.611      0.107      -0.005       0.047
C(C_regionidzip)[96245.0]      0.0229      0.013      1.757      0.079      -0.003       0.048
C(C_regionidzip)[96246.0]      0.0011      0.012      0.091      0.927      -0.022       0.024
C(C_regionidzip)[96247.0]      0.0130      0.008      1.600      0.110      -0.003       0.029
C(C_regionidzip)[96265.0]      0.0213      0.009      2.350      0.019       0.004       0.039
C(C_regionidzip)[96267.0]      0.0408      0.010      4.233      0.000       0.022       0.060
C(C_regionidzip)[96268.0]      0.0345      0.010      3.400      0.001       0.015       0.054
C(C_regionidzip)[96270.0]      0.0122      0.011      1.079      0.280      -0.010       0.034
C(C_regionidzip)[96271.0]     -0.0085      0.011     -0.788      0.431      -0.029       0.013
C(C_regionidzip)[96273.0]      0.0015      0.009      0.174      0.862      -0.016       0.019
C(C_regionidzip)[96275.0]      0.0223      0.022      1.010      0.313      -0.021       0.066
C(C_regionidzip)[96278.0]      0.0008      0.016      0.053      0.957      -0.030       0.032
C(C_regionidzip)[96280.0]     -0.0199      0.013     -1.563      0.118      -0.045       0.005
C(C_regionidzip)[96282.0]     -0.0107      0.011     -0.936      0.349      -0.033       0.012
C(C_regionidzip)[96284.0]      0.0222      0.010      2.164      0.031       0.002       0.042
C(C_regionidzip)[96289.0]      0.0067      0.013      0.525      0.599      -0.018       0.032
C(C_regionidzip)[96291.0]      0.0168      0.014      1.240      0.215      -0.010       0.043
C(C_regionidzip)[96292.0]      0.0274      0.010      2.751      0.006       0.008       0.047
C(C_regionidzip)[96293.0]      0.0156      0.011      1.355      0.176      -0.007       0.038
C(C_regionidzip)[96294.0]     -0.0029      0.011     -0.277      0.782      -0.024       0.018
C(C_regionidzip)[96295.0]      0.0110      0.009      1.257      0.209      -0.006       0.028
C(C_regionidzip)[96296.0]     -0.0415      0.014     -2.959      0.003      -0.069      -0.014
C(C_regionidzip)[96320.0]      0.0241      0.016      1.463      0.144      -0.008       0.056
C(C_regionidzip)[96321.0]      0.0230      0.013      1.768      0.077      -0.003       0.049
C(C_regionidzip)[96322.0]     -0.0100      0.022     -0.455      0.649      -0.053       0.033
C(C_regionidzip)[96323.0]      0.1104      0.028      3.948      0.000       0.056       0.165
C(C_regionidzip)[96324.0]      0.0196      0.016      1.224      0.221      -0.012       0.051
C(C_regionidzip)[96325.0]      0.0293      0.012      2.534      0.011       0.007       0.052
C(C_regionidzip)[96326.0]      0.0063      0.018      0.360      0.719      -0.028       0.041
C(C_regionidzip)[96327.0]      0.0168      0.014      1.199      0.231      -0.011       0.044
C(C_regionidzip)[96329.0]     -0.1757      0.072     -2.447      0.014      -0.316      -0.035
C(C_regionidzip)[96330.0]     -0.0037      0.009     -0.408      0.683      -0.022       0.014
C(C_regionidzip)[96336.0]      0.0229      0.009      2.518      0.012       0.005       0.041
C(C_regionidzip)[96337.0]      0.0161      0.009      1.763      0.078      -0.002       0.034
C(C_regionidzip)[96338.0]      0.0016      0.017      0.093      0.926      -0.031       0.035
C(C_regionidzip)[96339.0]      0.0076      0.010      0.792      0.428      -0.011       0.027
C(C_regionidzip)[96341.0]      0.0178      0.009      1.918      0.055      -0.000       0.036
C(C_regionidzip)[96342.0]      0.0139      0.010      1.408      0.159      -0.005       0.033
C(C_regionidzip)[96346.0]      0.0214      0.009      2.455      0.014       0.004       0.039
C(C_regionidzip)[96349.0]      0.0133      0.009      1.559      0.119      -0.003       0.030
C(C_regionidzip)[96351.0]      0.0170      0.008      2.263      0.024       0.002       0.032
C(C_regionidzip)[96352.0]     -0.0013      0.009     -0.145      0.884      -0.020       0.017
C(C_regionidzip)[96354.0]      0.0533      0.013      4.248      0.000       0.029       0.078
C(C_regionidzip)[96355.0]      0.0229      0.011      2.097      0.036       0.001       0.044
C(C_regionidzip)[96356.0]      0.0304      0.009      3.348      0.001       0.013       0.048
C(C_regionidzip)[96361.0]      0.0167      0.009      1.947      0.052      -0.000       0.033
C(C_regionidzip)[96364.0]      0.0286      0.007      3.879      0.000       0.014       0.043
C(C_regionidzip)[96366.0]      0.0200      0.014      1.415      0.157      -0.008       0.048
C(C_regionidzip)[96368.0]     -0.0002      0.007     -0.023      0.982      -0.013       0.013
C(C_regionidzip)[96369.0]      0.0027      0.009      0.311      0.755      -0.014       0.020
C(C_regionidzip)[96370.0]      0.0194      0.008      2.458      0.014       0.004       0.035
C(C_regionidzip)[96371.0]     -0.0035      0.017     -0.210      0.833      -0.037       0.029
C(C_regionidzip)[96373.0]      0.0088      0.007      1.230      0.219      -0.005       0.023
C(C_regionidzip)[96374.0]      0.0138      0.009      1.521      0.128      -0.004       0.031
C(C_regionidzip)[96375.0]      0.0203      0.011      1.763      0.078      -0.002       0.043
C(C_regionidzip)[96377.0]    7.16e-05      0.007      0.010      0.992      -0.014       0.014
C(C_regionidzip)[96378.0]      0.0051      0.008      0.672      0.501      -0.010       0.020
C(C_regionidzip)[96379.0]      0.0254      0.008      3.055      0.002       0.009       0.042
C(C_regionidzip)[96383.0]      0.0125      0.008      1.591      0.112      -0.003       0.028
C(C_regionidzip)[96384.0]      0.0056      0.009      0.610      0.542      -0.012       0.023
C(C_regionidzip)[96385.0]      0.0090      0.007      1.283      0.200      -0.005       0.023
C(C_regionidzip)[96387.0]      0.0344      0.010      3.431      0.001       0.015       0.054
C(C_regionidzip)[96389.0]      0.0085      0.007      1.156      0.248      -0.006       0.023
C(C_regionidzip)[96393.0]      0.0104      0.012      0.849      0.396      -0.014       0.034
C(C_regionidzip)[96395.0]      0.0116      0.010      1.129      0.259      -0.009       0.032
C(C_regionidzip)[96398.0]      0.0177      0.010      1.791      0.073      -0.002       0.037
C(C_regionidzip)[96401.0]      0.0113      0.008      1.375      0.169      -0.005       0.027
C(C_regionidzip)[96403.0]      0.0113      0.010      1.120      0.263      -0.008       0.031
C(C_regionidzip)[96410.0]      0.0039      0.011      0.365      0.715      -0.017       0.025
C(C_regionidzip)[96411.0]      0.0223      0.011      2.123      0.034       0.002       0.043
C(C_regionidzip)[96412.0]      0.0219      0.010      2.156      0.031       0.002       0.042
C(C_regionidzip)[96414.0]      0.0115      0.012      0.981      0.327      -0.011       0.034
C(C_regionidzip)[96415.0]     -0.0037      0.009     -0.402      0.688      -0.022       0.014
C(C_regionidzip)[96420.0]     -0.0039      0.015     -0.270      0.787      -0.032       0.025
C(C_regionidzip)[96424.0]      0.0147      0.009      1.690      0.091      -0.002       0.032
C(C_regionidzip)[96426.0]      0.0050      0.011      0.434      0.665      -0.018       0.027
C(C_regionidzip)[96433.0]     -0.0095      0.015     -0.630      0.529      -0.039       0.020
C(C_regionidzip)[96434.0]     -0.0224      0.029     -0.763      0.445      -0.080       0.035
C(C_regionidzip)[96436.0]      0.0053      0.012      0.452      0.651      -0.018       0.028
C(C_regionidzip)[96437.0]      0.0171      0.011      1.620      0.105      -0.004       0.038
C(C_regionidzip)[96438.0]      0.0131      0.013      1.013      0.311      -0.012       0.038
C(C_regionidzip)[96446.0]      0.0054      0.012      0.443      0.658      -0.019       0.029
C(C_regionidzip)[96447.0]     -0.0081      0.012     -0.690      0.490      -0.031       0.015
C(C_regionidzip)[96449.0]      0.0244      0.008      2.968      0.003       0.008       0.041
C(C_regionidzip)[96450.0]      0.0069      0.011      0.601      0.548      -0.016       0.029
C(C_regionidzip)[96451.0]      0.0034      0.012      0.294      0.769      -0.019       0.026
C(C_regionidzip)[96452.0]     -0.0056      0.011     -0.510      0.610      -0.027       0.016
C(C_regionidzip)[96464.0]      0.0412      0.008      4.991      0.000       0.025       0.057
C(C_regionidzip)[96465.0]      0.0272      0.009      2.993      0.003       0.009       0.045
C(C_regionidzip)[96467.0]     -0.0523      0.161     -0.326      0.745      -0.367       0.262
C(C_regionidzip)[96469.0]      0.0034      0.009      0.375      0.708      -0.014       0.021
C(C_regionidzip)[96473.0]      0.0116      0.010      1.150      0.250      -0.008       0.031
C(C_regionidzip)[96474.0]      0.0325      0.015      2.102      0.036       0.002       0.063
C(C_regionidzip)[96475.0]      0.0242      0.011      2.189      0.029       0.003       0.046
C(C_regionidzip)[96478.0]     -0.0076      0.019     -0.394      0.694      -0.045       0.030
C(C_regionidzip)[96479.0]      0.0357      0.012      2.922      0.003       0.012       0.060
C(C_regionidzip)[96480.0]      0.0605      0.016      3.785      0.000       0.029       0.092
C(C_regionidzip)[96485.0]      0.0158      0.012      1.333      0.183      -0.007       0.039
C(C_regionidzip)[96486.0]      0.0127      0.010      1.323      0.186      -0.006       0.032
C(C_regionidzip)[96488.0]      0.0422      0.009      4.731      0.000       0.025       0.060
C(C_regionidzip)[96489.0]      0.0153      0.009      1.756      0.079      -0.002       0.032
C(C_regionidzip)[96490.0]      0.0149      0.014      1.041      0.298      -0.013       0.043
C(C_regionidzip)[96492.0]      0.0397      0.010      3.986      0.000       0.020       0.059
C(C_regionidzip)[96494.0]      0.0270      0.010      2.840      0.005       0.008       0.046
C(C_regionidzip)[96496.0]     -0.0049      0.012     -0.418      0.676      -0.028       0.018
C(C_regionidzip)[96497.0]      0.0134      0.013      1.010      0.312      -0.013       0.039
C(C_regionidzip)[96500.0]     -0.0813      0.114     -0.716      0.474      -0.304       0.141
C(C_regionidzip)[96505.0]      0.0222      0.007      3.125      0.002       0.008       0.036
C(C_regionidzip)[96506.0]      0.0174      0.009      1.965      0.049    4.33e-05       0.035
C(C_regionidzip)[96507.0]      0.0367      0.010      3.804      0.000       0.018       0.056
C(C_regionidzip)[96508.0]      0.0389      0.013      2.964      0.003       0.013       0.065
C(C_regionidzip)[96510.0]      0.0362      0.011      3.334      0.001       0.015       0.057
C(C_regionidzip)[96513.0]      0.0096      0.009      1.021      0.307      -0.009       0.028
C(C_regionidzip)[96514.0]      0.0334      0.014      2.397      0.017       0.006       0.061
C(C_regionidzip)[96515.0]      0.0465      0.014      3.387      0.001       0.020       0.073
C(C_regionidzip)[96517.0]     -0.0039      0.010     -0.376      0.707      -0.024       0.016
C(C_regionidzip)[96522.0]      0.0128      0.010      1.334      0.182      -0.006       0.032
C(C_regionidzip)[96523.0]     -0.0059      0.011     -0.549      0.583      -0.027       0.015
C(C_regionidzip)[96524.0]      0.0230      0.010      2.262      0.024       0.003       0.043
C(C_regionidzip)[96525.0]      0.0085      0.012      0.722      0.470      -0.015       0.031
C(C_regionidzip)[96531.0]      0.0194      0.011      1.797      0.072      -0.002       0.041
C(C_regionidzip)[96533.0]     -0.0089      0.014     -0.628      0.530      -0.037       0.019
C(C_regionidzip)[96939.0]      0.0106      0.011      0.967      0.333      -0.011       0.032
C(C_regionidzip)[96940.0]      0.0320      0.009      3.392      0.001       0.014       0.051
C(C_regionidzip)[96941.0]     -0.0024      0.010     -0.233      0.816      -0.023       0.018
C(C_regionidzip)[96943.0]      0.0007      0.015      0.048      0.962      -0.028       0.029
C(C_regionidzip)[96946.0]      0.0045      0.013      0.348      0.728      -0.021       0.030
C(C_regionidzip)[96947.0]      0.0133      0.010      1.371      0.170      -0.006       0.032
C(C_regionidzip)[96948.0]      0.0025      0.012      0.211      0.833      -0.021       0.025
C(C_regionidzip)[96951.0]      0.2239      0.031      7.111      0.000       0.162       0.286
C(C_regionidzip)[96952.0]      0.0150      0.010      1.548      0.122      -0.004       0.034
C(C_regionidzip)[96954.0]      0.0140      0.007      1.977      0.048       0.000       0.028
C(C_regionidzip)[96956.0]     -0.0162      0.020     -0.801      0.423      -0.056       0.023
C(C_regionidzip)[96957.0]      0.0017      0.011      0.150      0.881      -0.021       0.024
C(C_regionidzip)[96958.0]      0.0226      0.009      2.425      0.015       0.004       0.041
C(C_regionidzip)[96959.0]      0.0226      0.009      2.553      0.011       0.005       0.040
C(C_regionidzip)[96961.0]     -0.0072      0.008     -0.868      0.385      -0.023       0.009
C(C_regionidzip)[96962.0]      0.0052      0.006      0.807      0.420      -0.007       0.018
C(C_regionidzip)[96963.0]     -0.0225      0.008     -2.790      0.005      -0.038      -0.007
C(C_regionidzip)[96964.0]      0.0173      0.007      2.443      0.015       0.003       0.031
C(C_regionidzip)[96965.0]      0.0130      0.009      1.459      0.145      -0.004       0.031
C(C_regionidzip)[96966.0]     -0.0002      0.008     -0.020      0.984      -0.016       0.015
C(C_regionidzip)[96967.0]     -0.0009      0.009     -0.100      0.921      -0.018       0.016
C(C_regionidzip)[96969.0]      0.0111      0.009      1.195      0.232      -0.007       0.029
C(C_regionidzip)[96971.0]      0.0070      0.009      0.818      0.414      -0.010       0.024
C(C_regionidzip)[96973.0]      0.0033      0.031      0.108      0.914      -0.057       0.064
C(C_regionidzip)[96974.0]      0.0048      0.006      0.852      0.394      -0.006       0.016
C(C_regionidzip)[96975.0]      0.0196      0.012      1.627      0.104      -0.004       0.043
C(C_regionidzip)[96978.0]      0.0173      0.008      2.232      0.026       0.002       0.033
C(C_regionidzip)[96979.0]   4.783e-05      0.024      0.002      0.998      -0.046       0.046
C(C_regionidzip)[96980.0]     -0.0228      0.028     -0.815      0.415      -0.078       0.032
C(C_regionidzip)[96981.0]     -0.0019      0.011     -0.178      0.859      -0.023       0.019
C(C_regionidzip)[96982.0]      0.0088      0.008      1.065      0.287      -0.007       0.025
C(C_regionidzip)[96983.0]      0.0217      0.008      2.822      0.005       0.007       0.037
C(C_regionidzip)[96985.0]      0.0212      0.008      2.533      0.011       0.005       0.038
C(C_regionidzip)[96986.0]      0.0607      0.027      2.238      0.025       0.008       0.114
C(C_regionidzip)[96987.0]      0.0076      0.005      1.429      0.153      -0.003       0.018
C(C_regionidzip)[96989.0]      0.0254      0.007      3.553      0.000       0.011       0.039
C(C_regionidzip)[96990.0]      0.0072      0.008      0.886      0.376      -0.009       0.023
C(C_regionidzip)[96993.0]      0.0067      0.006      1.090      0.276      -0.005       0.019
C(C_regionidzip)[96995.0]      0.0152      0.007      2.258      0.024       0.002       0.028
C(C_regionidzip)[96996.0]      0.0048      0.006      0.763      0.446      -0.008       0.017
C(C_regionidzip)[96998.0]      0.0127      0.007      1.788      0.074      -0.001       0.027
C(C_regionidzip)[97001.0]      0.0470      0.014      3.439      0.001       0.020       0.074
C(C_regionidzip)[97003.0]      0.0533      0.013      4.189      0.000       0.028       0.078
C(C_regionidzip)[97004.0]      0.0284      0.009      3.027      0.002       0.010       0.047
C(C_regionidzip)[97005.0]      0.0144      0.009      1.680      0.093      -0.002       0.031
C(C_regionidzip)[97006.0]      0.0200      0.012      1.656      0.098      -0.004       0.044
C(C_regionidzip)[97007.0]      0.0204      0.010      1.970      0.049       0.000       0.041
C(C_regionidzip)[97008.0]      0.0115      0.008      1.380      0.168      -0.005       0.028
C(C_regionidzip)[97016.0]      0.0167      0.009      1.862      0.063      -0.001       0.034
C(C_regionidzip)[97018.0]      0.0093      0.009      1.008      0.313      -0.009       0.027
C(C_regionidzip)[97020.0]      0.0017      0.011      0.153      0.878      -0.020       0.023
C(C_regionidzip)[97021.0]     -0.0113      0.014     -0.835      0.404      -0.038       0.015
C(C_regionidzip)[97023.0]      0.0038      0.008      0.455      0.649      -0.013       0.020
C(C_regionidzip)[97024.0]      0.0057      0.009      0.611      0.541      -0.013       0.024
C(C_regionidzip)[97025.0]     -0.0077      0.012     -0.631      0.528      -0.031       0.016
C(C_regionidzip)[97026.0]      0.0255      0.008      3.133      0.002       0.010       0.041
C(C_regionidzip)[97027.0]      0.0068      0.010      0.684      0.494      -0.013       0.026
C(C_regionidzip)[97035.0]      0.0025      0.009      0.268      0.789      -0.016       0.020
C(C_regionidzip)[97037.0]      0.0158      0.028      0.555      0.579      -0.040       0.071
C(C_regionidzip)[97039.0]      0.0132      0.010      1.314      0.189      -0.006       0.033
C(C_regionidzip)[97040.0]      0.0080      0.015      0.523      0.601      -0.022       0.038
C(C_regionidzip)[97041.0]      0.0069      0.008      0.880      0.379      -0.008       0.022
C(C_regionidzip)[97043.0]      0.0018      0.010      0.183      0.855      -0.017       0.021
C(C_regionidzip)[97047.0]     -0.0003      0.009     -0.030      0.976      -0.019       0.018
C(C_regionidzip)[97048.0]      0.0150      0.012      1.225      0.220      -0.009       0.039
C(C_regionidzip)[97050.0]      0.0144      0.012      1.196      0.232      -0.009       0.038
C(C_regionidzip)[97051.0]      0.0262      0.016      1.670      0.095      -0.005       0.057
C(C_regionidzip)[97052.0]      0.0055      0.013      0.412      0.680      -0.021       0.031
C(C_regionidzip)[97059.0]      0.0293      0.022      1.352      0.176      -0.013       0.072
C(C_regionidzip)[97063.0]     -0.0027      0.011     -0.244      0.808      -0.024       0.019
C(C_regionidzip)[97064.0]     -0.0343      0.017     -2.061      0.039      -0.067      -0.002
C(C_regionidzip)[97065.0]      0.0089      0.009      0.942      0.346      -0.010       0.028
C(C_regionidzip)[97066.0]     -0.0082      0.015     -0.537      0.591      -0.038       0.022
C(C_regionidzip)[97067.0]      0.0214      0.009      2.497      0.013       0.005       0.038
C(C_regionidzip)[97068.0]      0.0149      0.008      1.846      0.065      -0.001       0.031
C(C_regionidzip)[97078.0]      0.0051      0.007      0.687      0.492      -0.009       0.020
C(C_regionidzip)[97079.0]      0.0171      0.010      1.652      0.098      -0.003       0.037
C(C_regionidzip)[97081.0]      0.0044      0.010      0.436      0.663      -0.015       0.024
C(C_regionidzip)[97083.0]      0.0184      0.007      2.471      0.013       0.004       0.033
C(C_regionidzip)[97084.0]      0.0045      0.010      0.440      0.660      -0.016       0.025
C(C_regionidzip)[97089.0]      0.0350      0.008      4.555      0.000       0.020       0.050
C(C_regionidzip)[97091.0]      0.0232      0.007      3.229      0.001       0.009       0.037
C(C_regionidzip)[97094.0]      0.0361      0.017      2.135      0.033       0.003       0.069
C(C_regionidzip)[97097.0]      0.0183      0.008      2.271      0.023       0.003       0.034
C(C_regionidzip)[97098.0]      0.0132      0.021      0.631      0.528      -0.028       0.054
C(C_regionidzip)[97099.0]      0.0176      0.011      1.565      0.118      -0.004       0.040
C(C_regionidzip)[97101.0]      0.0244      0.010      2.346      0.019       0.004       0.045
C(C_regionidzip)[97104.0]      0.0064      0.011      0.597      0.550      -0.015       0.027
C(C_regionidzip)[97106.0]      0.0222      0.009      2.530      0.011       0.005       0.039
C(C_regionidzip)[97107.0]      0.0226      0.009      2.519      0.012       0.005       0.040
C(C_regionidzip)[97108.0]      0.0496      0.066      0.757      0.449      -0.079       0.178
C(C_regionidzip)[97109.0]      0.0121      0.011      1.137      0.256      -0.009       0.033
C(C_regionidzip)[97111.0]      0.0198      0.161      0.123      0.902      -0.295       0.335
C(C_regionidzip)[97113.0]      0.0465      0.014      3.354      0.001       0.019       0.074
C(C_regionidzip)[97116.0]      0.0097      0.007      1.411      0.158      -0.004       0.023
C(C_regionidzip)[97118.0]      0.0233      0.006      3.886      0.000       0.012       0.035
C(C_regionidzip)[97119.0]     -0.0069      0.039     -0.177      0.860      -0.083       0.069
C(C_regionidzip)[97298.0]      0.0398      0.017      2.350      0.019       0.007       0.073
C(C_regionidzip)[97316.0]      0.0617      0.031      1.959      0.050   -3.01e-05       0.123
C(C_regionidzip)[97317.0]   3.102e-05      0.008      0.004      0.997      -0.016       0.016
C(C_regionidzip)[97318.0]      0.0011      0.006      0.181      0.856      -0.011       0.013
C(C_regionidzip)[97319.0]      0.0121      0.005      2.271      0.023       0.002       0.022
C(C_regionidzip)[97323.0]      0.0116      0.016      0.744      0.457      -0.019       0.042
C(C_regionidzip)[97324.0]      0.0813      0.040      2.025      0.043       0.003       0.160
C(C_regionidzip)[97328.0]      0.0059      0.006      0.970      0.332      -0.006       0.018
C(C_regionidzip)[97329.0]      0.0081      0.006      1.391      0.164      -0.003       0.020
C(C_regionidzip)[97330.0]      0.0063      0.008      0.782      0.434      -0.009       0.022
C(C_regionidzip)[97331.0]      0.1101      0.036      3.066      0.002       0.040       0.180
C(C_regionidzip)[97344.0]      0.0782      0.017      4.489      0.000       0.044       0.112
C(C_regionidzip)[399675.0]    -0.0893      0.045     -2.004      0.045      -0.177      -0.002
C(C_regionidzip)[Nulls]        0.0334      0.027      1.229      0.219      -0.020       0.087
==============================================================================
Omnibus:                    66295.381   Durbin-Watson:                   1.946
Prob(Omnibus):                  0.000   Jarque-Bera (JB):         65086246.439
Skew:                           2.177   Prob(JB):                         0.00
Kurtosis:                     134.471   Cond. No.                         30.2
==============================================================================

Warnings:
[1] Standard Errors assume that the covariance matrix of the errors is correctly specified.