                            OLS Regression Results                            
==============================================================================
Dep. Variable:             R_logerror   R-squared:                       0.002
Model:                            OLS   Adj. R-squared:                  0.001
Method:                 Least Squares   F-statistic:                     1.703
Date:                Tue, 03 Jul 2018   Prob (F-statistic):           1.04e-06
Time:                        02:20:23   Log-Likelihood:                 36846.
No. Observations:               90275   AIC:                        -7.343e+04
Df Residuals:                   90144   BIC:                        -7.220e+04
Df Model:                         130                                         
Covariance Type:            nonrobust                                         
==========================================================================================
                             coef    std err          t      P>|t|      [0.025      0.975]
------------------------------------------------------------------------------------------
C(T_yearbuilt)[1885.0]     0.0470      0.066      0.715      0.475      -0.082       0.176
C(T_yearbuilt)[1886.0]    -0.0010      0.161     -0.006      0.995      -0.317       0.315
C(T_yearbuilt)[1887.0]     0.0080      0.161      0.050      0.960      -0.308       0.324
C(T_yearbuilt)[1888.0]    -0.0692      0.114     -0.608      0.543      -0.292       0.154
C(T_yearbuilt)[1890.0]     0.0315      0.038      0.830      0.406      -0.043       0.106
C(T_yearbuilt)[1891.0]     0.4055      0.161      2.519      0.012       0.090       0.721
C(T_yearbuilt)[1892.0]     0.0360      0.093      0.387      0.699      -0.146       0.218
C(T_yearbuilt)[1893.0]    -0.1156      0.093     -1.244      0.213      -0.298       0.067
C(T_yearbuilt)[1894.0]    -0.0421      0.072     -0.585      0.558      -0.183       0.099
C(T_yearbuilt)[1895.0]    -0.0127      0.040     -0.317      0.752      -0.092       0.066
C(T_yearbuilt)[1896.0]     0.0404      0.072      0.561      0.575      -0.101       0.181
C(T_yearbuilt)[1897.0]     0.0322      0.093      0.347      0.729      -0.150       0.214
C(T_yearbuilt)[1898.0]     0.0617      0.051      1.211      0.226      -0.038       0.161
C(T_yearbuilt)[1899.0]     0.0075      0.066      0.114      0.909      -0.121       0.136
C(T_yearbuilt)[1900.0]     0.0344      0.045      0.771      0.441      -0.053       0.122
C(T_yearbuilt)[1901.0]    -0.0150      0.025     -0.598      0.550      -0.064       0.034
C(T_yearbuilt)[1902.0]     0.0627      0.032      1.984      0.047       0.001       0.125
C(T_yearbuilt)[1903.0]     0.0052      0.027      0.193      0.847      -0.047       0.058
C(T_yearbuilt)[1904.0]    -0.0644      0.032     -1.999      0.046      -0.127      -0.001
C(T_yearbuilt)[1905.0]    -0.0188      0.019     -0.971      0.332      -0.057       0.019
C(T_yearbuilt)[1906.0]     0.0248      0.018      1.342      0.180      -0.011       0.061
C(T_yearbuilt)[1907.0]    -0.0003      0.017     -0.018      0.985      -0.033       0.032
C(T_yearbuilt)[1908.0]    -0.0078      0.016     -0.502      0.616      -0.038       0.023
C(T_yearbuilt)[1909.0]    -0.0433      0.018     -2.393      0.017      -0.079      -0.008
C(T_yearbuilt)[1910.0]     0.0316      0.012      2.598      0.009       0.008       0.055
C(T_yearbuilt)[1911.0]    -0.0136      0.014     -1.000      0.317      -0.040       0.013
C(T_yearbuilt)[1912.0]     0.0244      0.011      2.187      0.029       0.003       0.046
C(T_yearbuilt)[1913.0]    -0.0125      0.014     -0.909      0.363      -0.039       0.014
C(T_yearbuilt)[1914.0]     0.0313      0.015      2.094      0.036       0.002       0.061
C(T_yearbuilt)[1915.0]     0.0186      0.016      1.180      0.238      -0.012       0.050
C(T_yearbuilt)[1916.0]     0.0380      0.019      2.028      0.043       0.001       0.075
C(T_yearbuilt)[1917.0]     0.0372      0.022      1.731      0.083      -0.005       0.079
C(T_yearbuilt)[1918.0]    -0.0295      0.020     -1.499      0.134      -0.068       0.009
C(T_yearbuilt)[1919.0]     0.0120      0.016      0.743      0.457      -0.020       0.044
C(T_yearbuilt)[1920.0]     0.0176      0.010      1.854      0.064      -0.001       0.036
C(T_yearbuilt)[1921.0]     0.0028      0.009      0.321      0.748      -0.014       0.020
C(T_yearbuilt)[1922.0]    -0.0010      0.007     -0.148      0.882      -0.014       0.012
C(T_yearbuilt)[1923.0]    -0.0004      0.006     -0.065      0.948      -0.012       0.011
C(T_yearbuilt)[1924.0]    -0.0023      0.006     -0.405      0.685      -0.014       0.009
C(T_yearbuilt)[1925.0]     0.0103      0.006      1.650      0.099      -0.002       0.023
C(T_yearbuilt)[1926.0]     0.0122      0.006      1.889      0.059      -0.000       0.025
C(T_yearbuilt)[1927.0]    -0.0008      0.008     -0.104      0.917      -0.016       0.014
C(T_yearbuilt)[1928.0]     0.0039      0.007      0.555      0.579      -0.010       0.018
C(T_yearbuilt)[1929.0]     0.0157      0.008      1.929      0.054      -0.000       0.032
C(T_yearbuilt)[1930.0]     0.0005      0.009      0.062      0.950      -0.017       0.018
C(T_yearbuilt)[1931.0]     0.0198      0.012      1.702      0.089      -0.003       0.043
C(T_yearbuilt)[1932.0]     0.0151      0.015      0.994      0.320      -0.015       0.045
C(T_yearbuilt)[1933.0]     0.0682      0.018      3.859      0.000       0.034       0.103
C(T_yearbuilt)[1934.0]     0.0473      0.020      2.312      0.021       0.007       0.087
C(T_yearbuilt)[1935.0]     0.0198      0.013      1.495      0.135      -0.006       0.046
C(T_yearbuilt)[1936.0]    -0.0025      0.009     -0.278      0.781      -0.020       0.015
C(T_yearbuilt)[1937.0]     0.0061      0.008      0.756      0.450      -0.010       0.022
C(T_yearbuilt)[1938.0]     0.0069      0.008      0.892      0.373      -0.008       0.022
C(T_yearbuilt)[1939.0]    -0.0136      0.007     -1.973      0.048      -0.027   -9.02e-05
C(T_yearbuilt)[1940.0]     0.0066      0.006      1.107      0.268      -0.005       0.018
C(T_yearbuilt)[1941.0]     0.0099      0.006      1.636      0.102      -0.002       0.022
C(T_yearbuilt)[1942.0]    -0.0030      0.008     -0.394      0.693      -0.018       0.012
C(T_yearbuilt)[1943.0]     0.0211      0.012      1.695      0.090      -0.003       0.046
C(T_yearbuilt)[1944.0]    -0.0015      0.009     -0.173      0.863      -0.018       0.015
C(T_yearbuilt)[1945.0]     0.0073      0.010      0.735      0.462      -0.012       0.027
C(T_yearbuilt)[1946.0]    -0.0089      0.007     -1.257      0.209      -0.023       0.005
C(T_yearbuilt)[1947.0]     0.0068      0.004      1.524      0.128      -0.002       0.015
C(T_yearbuilt)[1948.0]     0.0138      0.004      3.147      0.002       0.005       0.022
C(T_yearbuilt)[1949.0]     0.0073      0.005      1.544      0.122      -0.002       0.017
C(T_yearbuilt)[1950.0]     0.0066      0.004      1.819      0.069      -0.001       0.014
C(T_yearbuilt)[1951.0]     0.0112      0.004      2.659      0.008       0.003       0.019
C(T_yearbuilt)[1952.0]     0.0065      0.004      1.529      0.126      -0.002       0.015
C(T_yearbuilt)[1953.0]     0.0103      0.004      2.619      0.009       0.003       0.018
C(T_yearbuilt)[1954.0]     0.0089      0.004      2.440      0.015       0.002       0.016
C(T_yearbuilt)[1955.0]     0.0084      0.003      2.490      0.013       0.002       0.015
C(T_yearbuilt)[1956.0]     0.0111      0.004      2.884      0.004       0.004       0.019
C(T_yearbuilt)[1957.0]     0.0100      0.005      2.177      0.029       0.001       0.019
C(T_yearbuilt)[1958.0]     0.0099      0.005      1.913      0.056      -0.000       0.020
C(T_yearbuilt)[1959.0]     0.0132      0.005      2.855      0.004       0.004       0.022
C(T_yearbuilt)[1960.0]     0.0118      0.005      2.449      0.014       0.002       0.021
C(T_yearbuilt)[1961.0]     0.0180      0.005      3.609      0.000       0.008       0.028
C(T_yearbuilt)[1962.0]     0.0265      0.005      5.790      0.000       0.018       0.035
C(T_yearbuilt)[1963.0]     0.0219      0.004      5.330      0.000       0.014       0.030
C(T_yearbuilt)[1964.0]     0.0150      0.004      4.079      0.000       0.008       0.022
C(T_yearbuilt)[1965.0]     0.0193      0.004      4.572      0.000       0.011       0.028
C(T_yearbuilt)[1966.0]     0.0111      0.006      1.921      0.055      -0.000       0.022
C(T_yearbuilt)[1967.0]     0.0090      0.007      1.353      0.176      -0.004       0.022
C(T_yearbuilt)[1968.0]     0.0191      0.005      3.573      0.000       0.009       0.029
C(T_yearbuilt)[1969.0]     0.0054      0.005      1.068      0.286      -0.005       0.015
C(T_yearbuilt)[1970.0]     0.0105      0.005      1.969      0.049    4.89e-05       0.021
C(T_yearbuilt)[1971.0]     0.0056      0.004      1.245      0.213      -0.003       0.014
C(T_yearbuilt)[1972.0]     0.0136      0.004      3.197      0.001       0.005       0.022
C(T_yearbuilt)[1973.0]     0.0035      0.004      0.940      0.347      -0.004       0.011
C(T_yearbuilt)[1974.0]     0.0088      0.004      2.042      0.041       0.000       0.017
C(T_yearbuilt)[1975.0]     0.0129      0.005      2.416      0.016       0.002       0.023
C(T_yearbuilt)[1976.0]     0.0124      0.005      2.732      0.006       0.004       0.021
C(T_yearbuilt)[1977.0]     0.0129      0.004      3.099      0.002       0.005       0.021
C(T_yearbuilt)[1978.0]     0.0085      0.004      1.971      0.049    4.88e-05       0.017
C(T_yearbuilt)[1979.0]     0.0151      0.004      3.835      0.000       0.007       0.023
C(T_yearbuilt)[1980.0]     0.0154      0.004      3.720      0.000       0.007       0.023
C(T_yearbuilt)[1981.0]     0.0192      0.004      4.332      0.000       0.010       0.028
C(T_yearbuilt)[1982.0]     0.0186      0.006      3.247      0.001       0.007       0.030
C(T_yearbuilt)[1983.0]     0.0092      0.005      1.784      0.074      -0.001       0.019
C(T_yearbuilt)[1984.0]     0.0152      0.004      3.384      0.001       0.006       0.024
C(T_yearbuilt)[1985.0]     0.0016      0.004      0.374      0.709      -0.007       0.010
C(T_yearbuilt)[1986.0]     0.0130      0.004      3.134      0.002       0.005       0.021
C(T_yearbuilt)[1987.0]     0.0115      0.004      2.896      0.004       0.004       0.019
C(T_yearbuilt)[1988.0]     0.0133      0.005      2.934      0.003       0.004       0.022
C(T_yearbuilt)[1989.0]     0.0136      0.004      3.839      0.000       0.007       0.021
C(T_yearbuilt)[1990.0]     0.0139      0.004      3.463      0.001       0.006       0.022
C(T_yearbuilt)[1991.0]     0.0243      0.006      4.011      0.000       0.012       0.036
C(T_yearbuilt)[1992.0]     0.0126      0.006      2.065      0.039       0.001       0.025
C(T_yearbuilt)[1993.0]     0.0061      0.007      0.858      0.391      -0.008       0.020
C(T_yearbuilt)[1994.0]     0.0079      0.006      1.277      0.202      -0.004       0.020
C(T_yearbuilt)[1995.0]     0.0133      0.007      2.022      0.043       0.000       0.026
C(T_yearbuilt)[1996.0]     0.0089      0.006      1.409      0.159      -0.003       0.021
C(T_yearbuilt)[1997.0]     0.0214      0.006      3.396      0.001       0.009       0.034
C(T_yearbuilt)[1998.0]     0.0183      0.006      2.938      0.003       0.006       0.031
C(T_yearbuilt)[1999.0]     0.0084      0.006      1.508      0.132      -0.003       0.019
C(T_yearbuilt)[2000.0]     0.0130      0.006      2.274      0.023       0.002       0.024
C(T_yearbuilt)[2001.0]     0.0218      0.005      4.072      0.000       0.011       0.032
C(T_yearbuilt)[2002.0]     0.0127      0.006      2.133      0.033       0.001       0.024
C(T_yearbuilt)[2003.0]     0.0163      0.005      3.190      0.001       0.006       0.026
C(T_yearbuilt)[2004.0]     0.0171      0.005      3.338      0.001       0.007       0.027
C(T_yearbuilt)[2005.0]     0.0216      0.005      4.702      0.000       0.013       0.031
C(T_yearbuilt)[2006.0]     0.0289      0.005      5.857      0.000       0.019       0.039
C(T_yearbuilt)[2007.0]     0.0202      0.005      4.129      0.000       0.011       0.030
C(T_yearbuilt)[2008.0]     0.0074      0.007      1.062      0.288      -0.006       0.021
C(T_yearbuilt)[2009.0]     0.0126      0.008      1.572      0.116      -0.003       0.028
C(T_yearbuilt)[2010.0]    -0.0012      0.009     -0.139      0.889      -0.018       0.016
C(T_yearbuilt)[2011.0]    -0.0002      0.010     -0.022      0.982      -0.021       0.020
C(T_yearbuilt)[2012.0]     0.0104      0.010      1.029      0.303      -0.009       0.030
C(T_yearbuilt)[2013.0]     0.0153      0.009      1.762      0.078      -0.002       0.032
C(T_yearbuilt)[2014.0]    -0.0051      0.011     -0.451      0.652      -0.027       0.017
C(T_yearbuilt)[2015.0]    -0.0232      0.034     -0.691      0.489      -0.089       0.043
C(T_yearbuilt)[Nulls]      0.0072      0.006      1.231      0.218      -0.004       0.019
==============================================================================
Omnibus:                    66255.119   Durbin-Watson:                   1.928
Prob(Omnibus):                  0.000   Jarque-Bera (JB):         64683976.030
Skew:                           2.176   Prob(JB):                         0.00
Kurtosis:                     134.063   Cond. No.                         47.5
==============================================================================

Warnings:
[1] Standard Errors assume that the covariance matrix of the errors is correctly specified.