                            OLS Regression Results                            
==============================================================================
Dep. Variable:             R_logerror   R-squared:                       0.007
Model:                            OLS   Adj. R-squared:                  0.005
Method:                 Least Squares   F-statistic:                     3.359
Date:                Tue, 03 Jul 2018   Prob (F-statistic):           2.25e-46
Time:                        02:20:13   Log-Likelihood:                 37032.
No. Observations:               90275   AIC:                        -7.371e+04
Df Residuals:                   90097   BIC:                        -7.203e+04
Df Model:                         177                                         
Covariance Type:            nonrobust                                         
===============================================================================================
                                  coef    std err          t      P>|t|      [0.025      0.975]
-----------------------------------------------------------------------------------------------
C(C_regionidcity)[3491.0]       0.2361      0.029      8.048      0.000       0.179       0.294
C(C_regionidcity)[4406.0]       0.0004      0.007      0.051      0.959      -0.014       0.015
C(C_regionidcity)[5465.0]       0.0058      0.008      0.717      0.473      -0.010       0.022
C(C_regionidcity)[5534.0]       0.0057      0.004      1.600      0.110      -0.001       0.013
C(C_regionidcity)[6021.0]       0.0007      0.009      0.079      0.937      -0.017       0.018
C(C_regionidcity)[6285.0]      -0.0151      0.161     -0.094      0.925      -0.330       0.300
C(C_regionidcity)[6395.0]       0.0073      0.013      0.582      0.561      -0.017       0.032
C(C_regionidcity)[6822.0]       0.1500      0.033      4.573      0.000       0.086       0.214
C(C_regionidcity)[8384.0]       0.0132      0.008      1.585      0.113      -0.003       0.029
C(C_regionidcity)[9840.0]       0.0225      0.010      2.366      0.018       0.004       0.041
C(C_regionidcity)[10241.0]      0.0264      0.009      2.870      0.004       0.008       0.044
C(C_regionidcity)[10389.0]     -0.0197      0.010     -1.882      0.060      -0.040       0.001
C(C_regionidcity)[10608.0]      0.0106      0.008      1.398      0.162      -0.004       0.025
C(C_regionidcity)[10723.0]      0.0093      0.009      1.075      0.282      -0.008       0.026
C(C_regionidcity)[10734.0]      0.0177      0.010      1.789      0.074      -0.002       0.037
C(C_regionidcity)[10774.0]      0.0067      0.009      0.719      0.472      -0.011       0.025
C(C_regionidcity)[10815.0]      0.0152      0.080      0.189      0.850      -0.142       0.173
C(C_regionidcity)[11626.0]      0.0157      0.008      2.093      0.036       0.001       0.030
C(C_regionidcity)[12292.0]      0.0085      0.006      1.347      0.178      -0.004       0.021
C(C_regionidcity)[12447.0]      0.0093      0.001      8.323      0.000       0.007       0.012
C(C_regionidcity)[12520.0]      0.0278      0.010      2.731      0.006       0.008       0.048
C(C_regionidcity)[12773.0]      0.0098      0.005      2.125      0.034       0.001       0.019
C(C_regionidcity)[13091.0]      0.0215      0.011      1.890      0.059      -0.001       0.044
C(C_regionidcity)[13150.0]      0.0188      0.005      3.922      0.000       0.009       0.028
C(C_regionidcity)[13232.0]      0.0652      0.035      1.860      0.063      -0.004       0.134
C(C_regionidcity)[13311.0]      0.0473      0.093      0.510      0.610      -0.135       0.229
C(C_regionidcity)[13693.0]      0.0163      0.006      2.891      0.004       0.005       0.027
C(C_regionidcity)[13716.0]      0.0355      0.017      2.130      0.033       0.003       0.068
C(C_regionidcity)[14111.0]      0.0021      0.010      0.197      0.844      -0.018       0.023
C(C_regionidcity)[14542.0]      0.0093      0.006      1.479      0.139      -0.003       0.022
C(C_regionidcity)[14634.0]      0.0051      0.007      0.779      0.436      -0.008       0.018
C(C_regionidcity)[14906.0]     -0.0870      0.045     -1.952      0.051      -0.174       0.000
C(C_regionidcity)[15237.0]      0.0183      0.017      1.087      0.277      -0.015       0.051
C(C_regionidcity)[15554.0]      0.0058      0.006      0.944      0.345      -0.006       0.018
C(C_regionidcity)[16389.0]      0.0601      0.027      2.245      0.025       0.008       0.113
C(C_regionidcity)[16677.0]      0.0387      0.017      2.247      0.025       0.005       0.072
C(C_regionidcity)[16764.0]      0.0058      0.004      1.540      0.124      -0.002       0.013
C(C_regionidcity)[16961.0]      0.0258      0.026      1.002      0.316      -0.025       0.076
C(C_regionidcity)[17150.0]      0.0037      0.009      0.431      0.667      -0.013       0.021
C(C_regionidcity)[17597.0]      0.0233      0.010      2.414      0.016       0.004       0.042
C(C_regionidcity)[17686.0]     -0.0078      0.008     -0.935      0.350      -0.024       0.009
C(C_regionidcity)[17882.0]      0.0175      0.010      1.762      0.078      -0.002       0.037
C(C_regionidcity)[18098.0]      0.0366      0.017      2.199      0.028       0.004       0.069
C(C_regionidcity)[18874.0]      0.0030      0.008      0.391      0.696      -0.012       0.018
C(C_regionidcity)[18875.0]      0.0855      0.022      3.947      0.000       0.043       0.128
C(C_regionidcity)[19177.0]     -0.0189      0.009     -2.186      0.029      -0.036      -0.002
C(C_regionidcity)[20008.0]      0.0278      0.006      4.751      0.000       0.016       0.039
C(C_regionidcity)[21395.0]     -0.1468      0.093     -1.582      0.114      -0.329       0.035
C(C_regionidcity)[21412.0]      0.0093      0.006      1.562      0.118      -0.002       0.021
C(C_regionidcity)[21778.0]      0.0543      0.023      2.389      0.017       0.010       0.099
C(C_regionidcity)[22827.0]      0.0449      0.009      4.794      0.000       0.027       0.063
C(C_regionidcity)[24174.0]      0.0123      0.007      1.845      0.065      -0.001       0.025
C(C_regionidcity)[24245.0]      0.0199      0.007      2.956      0.003       0.007       0.033
C(C_regionidcity)[24384.0]      0.0221      0.007      3.283      0.001       0.009       0.035
C(C_regionidcity)[24435.0]      0.0118      0.012      0.983      0.326      -0.012       0.035
C(C_regionidcity)[24797.0]      1.2683      0.114     11.160      0.000       1.046       1.491
C(C_regionidcity)[24812.0]      0.0055      0.005      1.103      0.270      -0.004       0.015
C(C_regionidcity)[24832.0]      0.0117      0.005      2.176      0.030       0.001       0.022
C(C_regionidcity)[25218.0]      0.0081      0.004      2.012      0.044       0.000       0.016
C(C_regionidcity)[25271.0]      0.0289      0.043      0.673      0.501      -0.055       0.113
C(C_regionidcity)[25458.0]      0.0063      0.008      0.764      0.445      -0.010       0.023
C(C_regionidcity)[25459.0]      0.0077      0.005      1.448      0.148      -0.003       0.018
C(C_regionidcity)[25468.0]      0.0731      0.031      2.363      0.018       0.012       0.134
C(C_regionidcity)[25621.0]      0.1254      0.043      2.921      0.003       0.041       0.210
C(C_regionidcity)[25953.0]      0.0277      0.011      2.635      0.008       0.007       0.048
C(C_regionidcity)[25974.0]      0.0178      0.008      2.221      0.026       0.002       0.034
C(C_regionidcity)[26483.0]      0.0172      0.010      1.760      0.078      -0.002       0.036
C(C_regionidcity)[26531.0]      0.0189      0.008      2.292      0.022       0.003       0.035
C(C_regionidcity)[26964.0]      0.0048      0.007      0.667      0.505      -0.009       0.019
C(C_regionidcity)[26965.0]      0.0393      0.014      2.890      0.004       0.013       0.066
C(C_regionidcity)[27103.0]      0.0294      0.013      2.199      0.028       0.003       0.056
C(C_regionidcity)[27110.0]      0.0174      0.005      3.850      0.000       0.009       0.026
C(C_regionidcity)[27183.0]     -0.0236      0.013     -1.799      0.072      -0.049       0.002
C(C_regionidcity)[27491.0]      0.0136      0.006      2.118      0.034       0.001       0.026
C(C_regionidcity)[29189.0]      0.0171      0.016      1.089      0.276      -0.014       0.048
C(C_regionidcity)[29712.0]     -0.0147      0.012     -1.195      0.232      -0.039       0.009
C(C_regionidcity)[30187.0]      0.0214      0.009      2.322      0.020       0.003       0.039
C(C_regionidcity)[30267.0]      0.0577      0.018      3.151      0.002       0.022       0.094
C(C_regionidcity)[30399.0]     -0.0181      0.023     -0.789      0.430      -0.063       0.027
C(C_regionidcity)[30908.0]      0.0111      0.009      1.232      0.218      -0.007       0.029
C(C_regionidcity)[31134.0]     -0.2007      0.046     -4.326      0.000      -0.292      -0.110
C(C_regionidcity)[32380.0]      0.0029      0.006      0.512      0.609      -0.008       0.014
C(C_regionidcity)[32616.0]     -0.0004      0.013     -0.028      0.978      -0.026       0.025
C(C_regionidcity)[32753.0]     -0.0298      0.029     -1.016      0.310      -0.087       0.028
C(C_regionidcity)[32923.0]      0.0015      0.009      0.169      0.866      -0.016       0.019
C(C_regionidcity)[32927.0]      0.0342      0.072      0.476      0.634      -0.107       0.175
C(C_regionidcity)[33252.0]      0.0057      0.005      1.138      0.255      -0.004       0.015
C(C_regionidcity)[33311.0]     -0.0002      0.013     -0.016      0.988      -0.027       0.026
C(C_regionidcity)[33312.0]      0.0726      0.043      1.691      0.091      -0.012       0.157
C(C_regionidcity)[33612.0]      0.0186      0.006      3.222      0.001       0.007       0.030
C(C_regionidcity)[33727.0]      0.0215      0.016      1.359      0.174      -0.010       0.053
C(C_regionidcity)[33836.0]      0.0081      0.009      0.868      0.385      -0.010       0.027
C(C_regionidcity)[33837.0]      0.0364      0.010      3.708      0.000       0.017       0.056
C(C_regionidcity)[33840.0]      0.0196      0.008      2.392      0.017       0.004       0.036
C(C_regionidcity)[34037.0]     -0.0052      0.040     -0.128      0.898      -0.084       0.074
C(C_regionidcity)[34278.0]      0.0117      0.004      2.713      0.007       0.003       0.020
C(C_regionidcity)[34543.0]      0.0117      0.005      2.239      0.025       0.001       0.022
C(C_regionidcity)[34636.0]     -0.0020      0.012     -0.171      0.864      -0.025       0.021
C(C_regionidcity)[34780.0]      0.0063      0.008      0.766      0.444      -0.010       0.022
C(C_regionidcity)[36502.0]      0.0996      0.022      4.469      0.000       0.056       0.143
C(C_regionidcity)[37015.0]      0.0399      0.008      4.765      0.000       0.024       0.056
C(C_regionidcity)[37086.0]      0.0050      0.006      0.882      0.378      -0.006       0.016
C(C_regionidcity)[37688.0]      0.0135      0.010      1.358      0.174      -0.006       0.033
C(C_regionidcity)[37882.0]      0.0677      0.161      0.421      0.674      -0.247       0.383
C(C_regionidcity)[38032.0]      0.0224      0.006      3.484      0.000       0.010       0.035
C(C_regionidcity)[38980.0]      0.0281      0.032      0.874      0.382      -0.035       0.091
C(C_regionidcity)[39076.0]      0.0069      0.015      0.470      0.639      -0.022       0.036
C(C_regionidcity)[39306.0]      0.0404      0.013      3.020      0.003       0.014       0.067
C(C_regionidcity)[39308.0]      0.0210      0.010      2.124      0.034       0.002       0.040
C(C_regionidcity)[40009.0]      0.0189      0.012      1.584      0.113      -0.004       0.042
C(C_regionidcity)[40081.0]      0.0097      0.010      0.951      0.341      -0.010       0.030
C(C_regionidcity)[40110.0]      0.0127      0.020      0.625      0.532      -0.027       0.052
C(C_regionidcity)[40227.0]      0.0101      0.004      2.787      0.005       0.003       0.017
C(C_regionidcity)[41673.0]      0.0056      0.009      0.609      0.542      -0.012       0.023
C(C_regionidcity)[42091.0]      0.0040      0.036      0.112      0.911      -0.066       0.074
C(C_regionidcity)[42150.0]      0.0166      0.009      1.806      0.071      -0.001       0.035
C(C_regionidcity)[42967.0]      0.0229      0.012      1.864      0.062      -0.001       0.047
C(C_regionidcity)[44116.0]      0.0165      0.009      1.752      0.080      -0.002       0.035
C(C_regionidcity)[44833.0]      0.0089      0.008      1.080      0.280      -0.007       0.025
C(C_regionidcity)[45398.0]     -0.0053      0.010     -0.527      0.598      -0.025       0.015
C(C_regionidcity)[45457.0]      0.0180      0.005      3.641      0.000       0.008       0.028
C(C_regionidcity)[45602.0]      0.0142      0.009      1.603      0.109      -0.003       0.032
C(C_regionidcity)[45888.0]      0.0124      0.009      1.338      0.181      -0.006       0.030
C(C_regionidcity)[46080.0]     -0.0084      0.011     -0.785      0.432      -0.030       0.013
C(C_regionidcity)[46098.0]     -0.0226      0.008     -2.814      0.005      -0.038      -0.007
C(C_regionidcity)[46178.0]      0.0171      0.016      1.078      0.281      -0.014       0.048
C(C_regionidcity)[46298.0]      0.0079      0.003      2.691      0.007       0.002       0.014
C(C_regionidcity)[46314.0]      0.0142      0.013      1.071      0.284      -0.012       0.040
C(C_regionidcity)[47019.0]      0.0095      0.005      2.033      0.042       0.000       0.019
C(C_regionidcity)[47198.0]      0.0157      0.011      1.489      0.136      -0.005       0.036
C(C_regionidcity)[47547.0]      0.0148      0.016      0.917      0.359      -0.017       0.046
C(C_regionidcity)[47568.0]      0.0289      0.005      5.953      0.000       0.019       0.038
C(C_regionidcity)[47695.0]     -0.0004      0.015     -0.023      0.981      -0.031       0.030
C(C_regionidcity)[47762.0]      0.0172      0.010      1.708      0.088      -0.003       0.037
C(C_regionidcity)[48424.0]     -0.0080      0.008     -0.976      0.329      -0.024       0.008
C(C_regionidcity)[50677.0]      0.0099      0.009      1.154      0.248      -0.007       0.027
C(C_regionidcity)[50749.0]      0.0388      0.007      5.508      0.000       0.025       0.053
C(C_regionidcity)[51239.0]      0.0287      0.005      5.444      0.000       0.018       0.039
C(C_regionidcity)[51617.0]     -0.0039      0.008     -0.458      0.647      -0.021       0.013
C(C_regionidcity)[51861.0]      0.0237      0.009      2.508      0.012       0.005       0.042
C(C_regionidcity)[52650.0]      0.0151      0.003      4.340      0.000       0.008       0.022
C(C_regionidcity)[52835.0]      0.0146      0.007      1.999      0.046       0.000       0.029
C(C_regionidcity)[52842.0]      0.0149      0.009      1.584      0.113      -0.004       0.033
C(C_regionidcity)[53027.0]      0.0344      0.013      2.650      0.008       0.009       0.060
C(C_regionidcity)[53162.0]      0.0619      0.054      1.156      0.248      -0.043       0.167
C(C_regionidcity)[53571.0]      0.0065      0.005      1.232      0.218      -0.004       0.017
C(C_regionidcity)[53636.0]      0.0157      0.007      2.372      0.018       0.003       0.029
C(C_regionidcity)[53655.0]      0.0181      0.012      1.518      0.129      -0.005       0.042
C(C_regionidcity)[54053.0]      0.0224      0.008      2.893      0.004       0.007       0.038
C(C_regionidcity)[54212.0]      0.0411      0.011      3.849      0.000       0.020       0.062
C(C_regionidcity)[54299.0]     -0.0406      0.014     -2.858      0.004      -0.068      -0.013
C(C_regionidcity)[54311.0]      0.0052      0.003      1.502      0.133      -0.002       0.012
C(C_regionidcity)[54352.0]      0.0148      0.014      1.041      0.298      -0.013       0.043
C(C_regionidcity)[54722.0]      0.0088      0.005      1.670      0.095      -0.002       0.019
C(C_regionidcity)[54970.0]      0.0244      0.021      1.135      0.256      -0.018       0.066
C(C_regionidcity)[55753.0]     -0.0030      0.013     -0.234      0.815      -0.028       0.022
C(C_regionidcity)[56780.0]      0.0459      0.022      2.097      0.036       0.003       0.089
C(C_regionidcity)[113412.0]    -0.0117      0.023     -0.499      0.618      -0.058       0.034
C(C_regionidcity)[113576.0]     0.0149      0.018      0.821      0.411      -0.021       0.051
C(C_regionidcity)[114828.0]     0.0066      0.023      0.292      0.770      -0.038       0.051
C(C_regionidcity)[114834.0]     0.0516      0.038      1.361      0.173      -0.023       0.126
C(C_regionidcity)[116042.0]     0.0073      0.020      0.361      0.718      -0.032       0.047
C(C_regionidcity)[118217.0]     0.0418      0.021      1.946      0.052      -0.000       0.084
C(C_regionidcity)[118225.0]     0.0067      0.009      0.715      0.475      -0.012       0.025
C(C_regionidcity)[118694.0]     0.0331      0.017      1.962      0.050    3.22e-05       0.066
C(C_regionidcity)[118875.0]    -0.0001      0.025     -0.005      0.996      -0.050       0.050
C(C_regionidcity)[118878.0]    -0.0194      0.012     -1.559      0.119      -0.044       0.005
C(C_regionidcity)[118880.0]    -0.0572      0.080     -0.711      0.477      -0.215       0.100
C(C_regionidcity)[118895.0]     0.0319      0.016      2.023      0.043       0.001       0.063
C(C_regionidcity)[118914.0]     0.0013      0.016      0.081      0.936      -0.030       0.033
C(C_regionidcity)[118994.0]    -0.0255      0.017     -1.511      0.131      -0.058       0.008
C(C_regionidcity)[272578.0]     0.0254      0.028      0.907      0.364      -0.029       0.080
C(C_regionidcity)[396053.0]    -0.0130      0.012     -1.048      0.295      -0.037       0.011
C(C_regionidcity)[396054.0]     0.0072      0.006      1.175      0.240      -0.005       0.019
C(C_regionidcity)[396550.0]     0.0423      0.019      2.171      0.030       0.004       0.081
C(C_regionidcity)[396551.0]    -0.0045      0.013     -0.347      0.728      -0.030       0.021
C(C_regionidcity)[396556.0]     0.0160      0.014      1.123      0.261      -0.012       0.044
C(C_regionidcity)[Nulls]        0.0157      0.004      4.140      0.000       0.008       0.023
==============================================================================
Omnibus:                    65480.274   Durbin-Watson:                   1.937
Prob(Omnibus):                  0.000   Jarque-Bera (JB):         64684144.923
Skew:                           2.123   Prob(JB):                         0.00
Kurtosis:                     134.067   Cond. No.                         143.
==============================================================================

Warnings:
[1] Standard Errors assume that the covariance matrix of the errors is correctly specified.